5 5
HHGHG
1 2
2 3
2 4
1 5
1 4 H
1 4 G
1 3 G
1 3 H
5 5 H





20 32
HHGHGGGGHHHHGHGGGGHH
1 2
1 5
2 3
2 4
4 9
9 10
5 6
6 7
7 8
9 11
11 12
12 13
13 14
14 15
15 16
10 17
17 18
8 19
7 20
7 4 H
6 4 G
5 3 G
1 4 H
3 5 H
7 9 H
11 17 G
15 19 H
1 20 H
11 14 G
1 13 G
9 3 H
15 5 H
14 9 H
17 17 G
5 19 H
1 4 H
1 4 G
1 3 G
1 3 H
5 5 H
4 9 H
1 7 G
5 9 H
1 20 H
11 14 G
1 13 G
9 3 H
15 5 H
14 9 H
17 17 G
5 19 H


7 5
HHGHGGG
1 5
5 6
6 7
1 2
2 3
3 4
1 4 H
1 4 G
1 3 G
1 3 H
5 5 H






5 5
HHGHG
1 2
2 3
2 4
1 5
1 4 H
1 4 G
1 3 G
1 3 H
5 5 H














20 32
HHGHGGGGHHHHGHGGGGHH
1 2
1 5
2 3
2 4
4 9
9 10
5 6
6 7
7 8
9 11
11 12
12 13
13 14
14 15
15 16
10 17
17 18
8 19
7 20
7 4 H
6 4 G
5 3 G
1 4 H
3 5 H
7 9 H
11 17 G
15 19 H
1 20 H
11 14 G
1 13 G
9 3 H
15 5 H
14 9 H
17 17 G
5 19 H
1 4 H
1 4 G
1 3 G
1 3 H
5 5 H
4 9 H
1 7 G
5 9 H
1 20 H
11 14 G
1 13 G
9 3 H
15 5 H
14 9 H
17 17 G
5 19 H
